# height: 1080
# width: 1440

CameraMatrix:
  fx: 1.352791199402414e+03
  fy: 1.350994151114513e+03
  cx: 7.320719701942788e+02
  cy: 5.872020323952096e+02

DistCoeffs:
  k1: -0.433105006051298
  k2: 0.286869250726234
  p1: 0
  p2: 0
  k3: 0

ReprojectionError: 0
